"","708","823","748","828","391","581","499","667","541","351","589","668","501","502","382","152","381","422","510","470","550","232","462","430","707","352","788","906","392","549","312","827","709","782","311"
"708",0,0.866666666666667,0.384615384615385,0.866666666666667,1,0.857142857142857,0.928571428571429,0.785714285714286,0.888888888888889,1,0.714285714285714,0.375,0.862068965517241,0.941176470588235,1,0.928571428571429,1,1,1,0.923076923076923,1,0.923076923076923,1,1,0.769230769230769,0.928571428571429,0.866666666666667,0.916666666666667,1,0.916666666666667,1,0.846153846153846,1,0.846153846153846,1
"823",0.866666666666667,0,0.923076923076923,0.75,1,1,1,1,0.916666666666667,1,1,0.882352941176471,0.916666666666667,0.9,1,1,1,1,1,1,1,1,1,1,0.875,1,0.75,0.8,1,1,1,0.857142857142857,1,0.4,1
"748",0.384615384615385,0.923076923076923,0,0.833333333333333,1,0.818181818181818,0.909090909090909,0.727272727272727,0.866666666666667,1,0.75,0.5625,0.888888888888889,0.928571428571429,1,0.909090909090909,1,1,1,1,1,0.9,1,1,1,1,0.833333333333333,0.888888888888889,1,0.888888888888889,1,0.8,0.888888888888889,0.909090909090909,1
"828",0.866666666666667,0.75,0.833333333333333,0,0.9,1,1,1,0.916666666666667,0.9,0.9,0.944444444444444,0.818181818181818,0.9,1,0.666666666666667,1,1,1,1,1,0.833333333333333,1,1,1,1,0,0.8,1,1,1,0.4,1,0.857142857142857,1
"391",1,1,1,0.9,0,1,1,1,1,0,0.909090909090909,1,0.92,1,1,0.875,1,1,1,1,1,1,1,0.714285714285714,1,0.714285714285714,0.9,1,0.666666666666667,1,0.833333333333333,1,1,1,0.833333333333333
"581",0.857142857142857,1,0.818181818181818,1,1,0,0.833333333333333,0.875,0.666666666666667,1,0.75,0.875,0.863636363636364,0.888888888888889,0.916666666666667,1,0.8,0.9375,1,1,1,1,1,1,1,1,1,1,1,0.75,1,1,1,1,1
"499",0.928571428571429,1,0.909090909090909,1,1,0.833333333333333,0,1,0.9,1,0.875,0.9375,0.909090909090909,0.875,0.909090909090909,1,1,0.857142857142857,1,1,1,1,1,1,1,1,1,1,1,0.666666666666667,1,1,1,1,1
"667",0.785714285714286,1,0.727272727272727,1,1,0.875,1,0,0.916666666666667,1,0.9,0.733333333333333,0.916666666666667,1,1,1,1,1,1,1,1,1,1,1,0.875,1,1,1,1,1,1,1,1,1,1
"541",0.888888888888889,0.916666666666667,0.866666666666667,0.916666666666667,1,0.666666666666667,0.9,0.916666666666667,0,1,0.923076923076923,0.9,0.619047619047619,0.6,0.866666666666667,1,0.888888888888889,0.833333333333333,1,1,1,1,1,1,1,1,0.916666666666667,0.875,1,1,1,0.9,1,0.9,1
"351",1,1,1,0.9,0,1,1,1,1,0,0.909090909090909,1,0.92,1,1,0.875,1,1,1,1,1,1,1,0.714285714285714,1,0.714285714285714,0.9,1,0.666666666666667,1,0.833333333333333,1,1,1,0.833333333333333
"589",0.714285714285714,1,0.75,0.9,0.909090909090909,0.75,0.875,0.9,0.923076923076923,0.909090909090909,0,0.75,0.875,1,1,0.875,1,1,0.833333333333333,0.666666666666667,0.833333333333333,0.857142857142857,1,0.714285714285714,1,0.875,0.9,1,1,0.833333333333333,1,0.875,1,1,1
"668",0.375,0.882352941176471,0.5625,0.944444444444444,1,0.875,0.9375,0.733333333333333,0.9,1,0.75,0,0.870967741935484,0.947368421052632,1,1,1,1,0.928571428571429,0.857142857142857,0.928571428571429,1,1,0.9375,0.714285714285714,0.9375,0.944444444444444,0.928571428571429,1,0.928571428571429,1,0.9375,0.928571428571429,0.866666666666667,1
"501",0.862068965517241,0.916666666666667,0.888888888888889,0.818181818181818,0.92,0.863636363636364,0.909090909090909,0.916666666666667,0.619047619047619,0.92,0.875,0.870967741935484,0,0.714285714285714,0.8,0.909090909090909,0.904761904761905,0.692307692307692,1,0.954545454545454,1,0.954545454545454,0.954545454545454,0.956521739130435,1,0.956521739130435,0.818181818181818,0.952380952380952,1,1,1,0.857142857142857,1,0.956521739130435,1
"502",0.941176470588235,0.9,0.928571428571429,0.9,1,0.888888888888889,0.875,1,0.6,1,1,0.947368421052632,0.714285714285714,0,1,1,1,0.882352941176471,1,1,1,1,1,1,1,1,0.9,0.833333333333333,1,1,1,0.875,1,0.875,1
"382",1,1,1,1,1,0.916666666666667,0.909090909090909,1,0.866666666666667,1,1,1,0.8,1,0,1,0.777777777777778,0.307692307692308,1,1,1,1,0.9,1,1,1,1,1,1,1,1,1,1,1,1
"152",0.928571428571429,1,0.909090909090909,0.666666666666667,0.875,1,1,1,1,0.875,0.875,1,0.909090909090909,1,1,0,1,1,1,1,1,0.333333333333333,1,1,1,1,0.666666666666667,1,1,1,1,0.8,1,1,1
"381",1,1,1,1,1,0.8,1,1,0.888888888888889,1,1,1,0.904761904761905,1,0.777777777777778,1,0,0.846153846153846,1,1,1,1,1,1,1,1,1,1,1,1,1,1,1,1,1
"422",1,1,1,1,1,0.9375,0.857142857142857,1,0.833333333333333,1,1,1,0.692307692307692,0.882352941176471,0.307692307692308,1,0.846153846153846,0,1,1,1,1,0.846153846153846,1,1,1,1,1,1,1,1,1,1,1,1
"510",1,1,1,1,1,1,1,1,1,1,0.833333333333333,0.928571428571429,1,1,1,1,1,1,0,0.5,0,1,1,0.666666666666667,1,1,1,1,1,1,1,1,1,1,1
"470",0.923076923076923,1,1,1,1,1,1,1,1,1,0.666666666666667,0.857142857142857,0.954545454545454,1,1,1,1,1,0.5,0,0.5,1,1,0.75,1,0.75,1,1,1,1,1,1,1,1,1
"550",1,1,1,1,1,1,1,1,1,1,0.833333333333333,0.928571428571429,1,1,1,1,1,1,0,0.5,0,1,1,0.666666666666667,1,1,1,1,1,1,1,1,1,1,1
"232",0.923076923076923,1,0.9,0.833333333333333,1,1,1,1,1,1,0.857142857142857,1,0.954545454545454,1,1,0.333333333333333,1,1,1,1,1,0,1,1,1,1,0.833333333333333,1,1,1,1,0.75,1,1,1
"462",1,1,1,1,1,1,1,1,1,1,1,1,0.954545454545454,1,0.9,1,1,0.846153846153846,1,1,1,1,0,1,1,1,1,1,1,1,1,1,1,1,1
"430",1,1,1,1,0.714285714285714,1,1,1,1,0.714285714285714,0.714285714285714,0.9375,0.956521739130435,1,1,1,1,1,0.666666666666667,0.75,0.666666666666667,1,1,0,1,1,1,1,1,1,1,1,1,1,1
"707",0.769230769230769,0.875,1,1,1,1,1,0.875,1,1,1,0.714285714285714,1,1,1,1,1,1,1,1,1,1,1,1,0,1,1,1,1,1,1,1,1,0.833333333333333,1
"352",0.928571428571429,1,1,1,0.714285714285714,1,1,1,1,0.714285714285714,0.875,0.9375,0.956521739130435,1,1,1,1,1,1,0.75,1,1,1,1,1,0,1,1,0.333333333333333,1,0.666666666666667,1,1,1,0.666666666666667
"788",0.866666666666667,0.75,0.833333333333333,0,0.9,1,1,1,0.916666666666667,0.9,0.9,0.944444444444444,0.818181818181818,0.9,1,0.666666666666667,1,1,1,1,1,0.833333333333333,1,1,1,1,0,0.8,1,1,1,0.4,1,0.857142857142857,1
"906",0.916666666666667,0.8,0.888888888888889,0.8,1,1,1,1,0.875,1,1,0.928571428571429,0.952380952380952,0.833333333333333,1,1,1,1,1,1,1,1,1,1,1,1,0.8,0,1,1,1,0.666666666666667,1,0.666666666666667,1
"392",1,1,1,1,0.666666666666667,1,1,1,1,0.666666666666667,1,1,1,1,1,1,1,1,1,1,1,1,1,1,1,0.333333333333333,1,1,0,1,0.5,1,1,1,0.5
"549",0.916666666666667,1,0.888888888888889,1,1,0.75,0.666666666666667,1,1,1,0.833333333333333,0.928571428571429,1,1,1,1,1,1,1,1,1,1,1,1,1,1,1,1,1,0,1,1,1,1,1
"312",1,1,1,1,0.833333333333333,1,1,1,1,0.833333333333333,1,1,1,1,1,1,1,1,1,1,1,1,1,1,1,0.666666666666667,1,1,0.5,1,0,1,1,1,1
"827",0.846153846153846,0.857142857142857,0.8,0.4,1,1,1,1,0.9,1,0.875,0.9375,0.857142857142857,0.875,1,0.8,1,1,1,1,1,0.75,1,1,1,1,0.4,0.666666666666667,1,1,1,0,1,0.8,1
"709",1,1,0.888888888888889,1,1,1,1,1,1,1,1,0.928571428571429,1,1,1,1,1,1,1,1,1,1,1,1,1,1,1,1,1,1,1,1,0,1,1
"782",0.846153846153846,0.4,0.909090909090909,0.857142857142857,1,1,1,1,0.9,1,1,0.866666666666667,0.956521739130435,0.875,1,1,1,1,1,1,1,1,1,1,0.833333333333333,1,0.857142857142857,0.666666666666667,1,1,1,0.8,1,0,1
"311",1,1,1,1,0.833333333333333,1,1,1,1,0.833333333333333,1,1,1,1,1,1,1,1,1,1,1,1,1,1,1,0.666666666666667,1,1,0.5,1,1,1,1,1,0
