"","152","154","193","230","232","233","269","270","271","272","311","312","351","352","353","381","382","389","390","391","392","422","430","461","462","469","470","471","473","499","500","501","502","509","510","541","549","550","581","582","588","589","591","627","628","667","668","669","707","708","709","748","782","787","788","822","823","824","827","828","867","906","908"
"152",0,1,1,0.727272727272727,0.666666666666667,0.931034482758621,1,0.961538461538461,0.84,1,0.8125,0.923076923076923,0.888888888888889,0.864864864864865,0.956521739130435,1,1,1,0.931034482758621,0.91304347826087,0.947368421052632,0.977011494252874,0.875,0.956521739130435,1,0.916666666666667,0.935483870967742,0.952380952380952,0.954545454545454,1,1,0.960629921259842,0.972222222222222,1,0.966666666666667,0.981481481481482,1,1,0.96078431372549,1,1,0.933333333333333,1,1,1,1,0.972826086956522,0.982456140350877,1,0.986013986013986,1,0.977099236641221,1,1,0.942857142857143,1,0.982456140350877,1,0.972222222222222,0.963855421686747,1,1,1
"154",1,0,1,1,1,1,1,1,1,1,1,0.971428571428571,1,0.984126984126984,1,1,1,1,1,0.981481481481482,1,1,1,1,1,1,1,1,1,1,1,1,1,1,1,1,1,1,1,1,1,1,1,1,1,1,1,1,1,1,1,1,1,1,1,1,1,1,1,1,1,1,1
"193",1,1,0,1,0.925925925925926,0.909090909090909,1,1,1,0.8,0.944444444444444,0.942857142857143,0.974683544303797,0.968253968253968,1,1,1,1,0.909090909090909,0.981818181818182,0.95,0.985507246376812,0.9375,1,1,1,0.923076923076923,1,0.666666666666667,1,1,0.991071428571429,1,1,1,1,1,1,1,1,1,1,1,1,1,1,0.988095238095238,1,1,0.992,1,1,1,1,1,1,1,1,1,1,1,1,1
"230",0.727272727272727,1,1,0,0.866666666666667,1,1,0.818181818181818,0.75,1,0.857142857142857,0.975609756097561,0.976190476190476,0.970588235294118,1,1,1,1,1,1,1,1,0.952380952380952,1,1,1,1,1,1,1,1,0.991452991452991,1,1,1,1,1,1,1,1,1,1,1,1,1,1,0.994252873563218,1,1,1,1,1,1,1,1,1,1,1,1,1,1,1,1
"232",0.666666666666667,1,0.925925925925926,0.866666666666667,0,0.84375,1,1,0.939393939393939,0.966666666666667,0.777777777777778,0.851851851851852,0.872340425531915,0.831168831168831,1,1,0.986486486486487,1,0.878787878787879,0.89041095890411,0.977777777777778,0.967391304347826,0.923076923076923,1,1,0.967741935483871,0.916666666666667,1,0.964285714285714,0.975,1,0.954545454545454,0.951219512195122,1,0.972222222222222,0.948275862068966,0.96875,1,0.946428571428572,1,0.935483870967742,0.883116883116883,1,0.971428571428571,1,0.955882352941176,0.945945945945946,0.967741935483871,1,0.965753424657534,0.978723404255319,0.962962962962963,0.975609756097561,1,0.933333333333333,0.966666666666667,0.967741935483871,1,0.951219512195122,0.942528735632184,1,1,1
"233",0.931034482758621,1,0.909090909090909,1,0.84375,0,0.9,0.933333333333333,1,0.923076923076923,0.961538461538461,0.815789473684211,0.914634146341463,0.893939393939394,1,1,1,1,0.947368421052632,0.896551724137931,0.884615384615385,0.973684210526316,0.958333333333333,1,1,1,0.952380952380952,1,0.909090909090909,1,1,0.965811965811966,1,1,1,0.976744186046512,0.933333333333333,1,1,1,1,0.954545454545454,1,1,1,0.961538461538461,0.965116279069767,0.955555555555556,1,0.977099236641221,0.931034482758621,0.983471074380165,1,1,0.95,1,0.955555555555556,1,0.916666666666667,0.972602739726027,1,0.909090909090909,0.909090909090909
"269",1,1,1,1,1,0.9,0,0.833333333333333,1,1,1,1,0.987341772151899,0.984126984126984,1,1,1,1,1,1,0.947368421052632,1,1,1,1,1,1,1,1,1,1,1,1,1,1,1,1,1,1,1,1,1,1,1,1,1,1,1,1,1,1,1,1,1,1,1,1,1,1,1,1,1,1
"270",0.961538461538461,1,1,0.818181818181818,1,0.933333333333333,0.833333333333333,0,0.833333333333333,1,0.904761904761905,1,0.963414634146341,0.970149253731343,0.875,1,1,1,0.933333333333333,1,0.91304347826087,1,0.894736842105263,1,1,1,1,1,1,1,1,0.982608695652174,1,1,1,1,1,1,1,1,1,0.984375,1,1,1,1,0.988372093023256,0.976190476190476,1,0.992248062015504,1,0.991525423728813,1,1,0.982758620689655,1,1,1,1,0.985714285714286,0.9,1,1
"271",0.84,1,1,0.75,0.939393939393939,1,1,0.833333333333333,0,0.909090909090909,0.611111111111111,0.951219512195122,0.951807228915663,0.955882352941176,1,1,0.981818181818182,1,0.875,0.949152542372881,0.826086956521739,0.986666666666667,0.954545454545454,0.9,0.909090909090909,0.818181818181818,0.947368421052632,0.875,1,1,1,0.965217391304348,0.956521739130435,1,0.875,0.975609756097561,1,1,0.947368421052632,1,1,0.953125,1,0.9375,1,0.980392156862745,0.982658959537572,0.977272727272727,0.9375,0.984615384615385,1,0.974576271186441,1,1,1,1,0.977272727272727,1,1,0.986111111111111,1,1,1
"272",1,1,0.8,1,0.966666666666667,0.923076923076923,1,1,0.909090909090909,0,0.894736842105263,0.973684210526316,0.975308641975309,0.953125,0.833333333333333,1,1,1,0.923076923076923,0.982456140350877,0.904761904761905,0.985915492957746,0.944444444444444,1,1,1,0.857142857142857,1,0.8,1,1,0.973214285714286,1,1,1,1,1,1,1,1,1,1,1,1,1,1,0.994152046783626,1,1,0.992125984251969,1,1,1,1,1,1,1,1,1,1,1,1,1
"311",0.8125,1,0.944444444444444,0.857142857142857,0.777777777777778,0.961538461538461,1,0.904761904761905,0.611111111111111,0.894736842105263,0,0.869565217391304,0.883720930232558,0.840579710144927,0.947368421052632,1,0.968253968253968,1,0.772727272727273,0.873015873015873,0.714285714285714,0.963414634146341,0.933333333333333,0.947368421052632,0.95,0.9,0.925925925925926,0.941176470588235,0.944444444444444,0.966666666666667,1,0.959349593495935,0.935483870967742,1,0.92,0.959183673469388,1,1,0.934782608695652,1,0.954545454545454,0.929577464788732,1,0.916666666666667,1,0.966101694915254,0.972222222222222,0.981132075471698,0.96,0.970802919708029,1,0.968253968253968,1,1,0.970588235294118,0.95,0.981132075471698,1,1,0.975,1,1,1
"312",0.923076923076923,0.971428571428571,0.942857142857143,0.975609756097561,0.851851851851852,0.815789473684211,1,1,0.951219512195122,0.973684210526316,0.869565217391304,0,0.719101123595506,0.619718309859155,1,0.953488372093023,0.949367088607595,1,0.902439024390244,0.797297297297297,0.826086956521739,0.91578947368421,0.958333333333333,1,1,0.974358974358974,0.955555555555556,0.971428571428571,0.972222222222222,0.979166666666667,1,0.934306569343066,1,0.975609756097561,1,0.985294117647059,0.975,1,0.936507936507936,1,1,0.931818181818182,1,1,1,0.946666666666667,0.908602150537634,0.956521739130435,0.976744186046512,0.94,0.923076923076923,0.950354609929078,0.979591836734694,1,0.91358024691358,0.973684210526316,0.941176470588235,1,0.9375,0.924731182795699,1,0.934782608695652,0.957446808510638
"351",0.888888888888889,1,0.974683544303797,0.976190476190476,0.872340425531915,0.914634146341463,0.987341772151899,0.963414634146341,0.951807228915663,0.975308641975309,0.883720930232558,0.719101123595506,0,0.551020408163265,1,0.977011494252874,0.905172413793104,1,0.901234567901235,0.471264367816092,0.833333333333333,0.902985074626866,0.880952380952381,0.987654320987654,0.98780487804878,0.962962962962963,0.929411764705882,0.987341772151899,0.9875,0.978021978021978,1,0.855421686746988,0.956043956043956,0.963855421686747,0.94047619047619,0.933962264150943,0.963414634146341,1,0.89,0.98780487804878,0.988095238095238,0.868852459016394,1,0.976744186046512,1,0.939655172413793,0.872146118721461,0.935779816513761,0.976744186046512,0.908602150537634,0.936170212765957,0.883720930232558,0.967032967032967,1,0.871794871794872,0.98780487804878,0.905660377358491,1,0.967391304347826,0.909090909090909,0.95,0.943181818181818,0.978021978021978
"352",0.864864864864865,0.984126984126984,0.968253968253968,0.970588235294118,0.831168831168831,0.893939393939394,0.984126984126984,0.970149253731343,0.955882352941176,0.953125,0.840579710144927,0.619718309859155,0.551020408163265,0,0.96875,0.986111111111111,0.952830188679245,1,0.893939393939394,0.685393258426966,0.828571428571429,0.943548387096774,0.885714285714286,1,1,0.96969696969697,0.91304347826087,0.984126984126984,0.968253968253968,0.973333333333333,1,0.89171974522293,0.987179487179487,0.939393939393939,0.942028985507246,0.978947368421053,0.954545454545454,1,0.967391304347826,1,0.985294117647059,0.849056603773585,1,0.985915492957746,1,0.950980392156863,0.856435643564356,0.924731182795699,1,0.919075144508671,0.923076923076923,0.906832298136646,1,1,0.895238095238095,1,0.936170212765957,1,0.987179487179487,0.896551724137931,0.953846153846154,0.930555555555556,0.973333333333333
"353",0.956521739130435,1,1,1,1,1,1,0.875,1,0.833333333333333,0.947368421052632,1,1,0.96875,0,1,1,1,1,1,0.952380952380952,1,1,1,1,1,1,1,0.75,1,1,1,1,1,1,1,1,1,1,1,1,1,1,1,1,1,0.994117647058823,1,1,1,1,1,1,1,1,1,1,1,1,1,1,1,1
"381",1,1,1,1,1,1,1,1,1,1,1,0.953488372093023,0.977011494252874,0.986111111111111,1,0,0.816326530612245,1,0.947368421052632,0.984126984126984,0.964285714285714,0.852941176470588,0.958333333333333,1,1,1,1,1,1,0.857142857142857,1,0.919642857142857,0.916666666666667,0.9375,1,0.9,1,1,0.864864864864865,1,1,1,1,1,1,0.961538461538461,0.994350282485876,1,0.944444444444444,0.984848484848485,1,0.991803278688525,1,1,1,0.923076923076923,0.955555555555556,1,1,0.972602739726027,1,0.956521739130435,1
"382",1,1,1,1,0.986486486486487,1,1,1,0.981818181818182,1,0.968253968253968,0.949367088607595,0.905172413793104,0.952830188679245,1,0.816326530612245,0,1,0.964285714285714,0.903225806451613,0.953125,0.318840579710145,0.967213114754098,0.98,0.96,0.980769230769231,0.983050847457627,1,1,0.851851851851852,1,0.748031496062992,0.896551724137931,0.962264150943396,0.964285714285714,0.828571428571429,0.981132075471698,1,0.787878787878788,0.96,0.941176470588235,0.940594059405941,1,0.944444444444444,1,0.904761904761905,0.946341463414634,0.988095238095238,0.963636363636364,0.94478527607362,0.970149253731343,0.940789473684211,0.983870967741935,1,0.947916666666667,0.96,0.91025641025641,1,1,0.94392523364486,0.980769230769231,0.949152542372881,0.983606557377049
"389",1,1,1,1,1,1,1,1,1,1,1,1,1,1,1,1,1,0,0.9,1,1,1,1,1,1,1,1,1,1,1,1,0.990990990990991,1,1,1,1,1,1,1,1,1,1,1,1,1,1,0.994047619047619,1,1,1,1,0.991150442477876,1,1,1,1,1,1,1,0.984615384615385,1,1,1
"390",0.931034482758621,1,0.909090909090909,1,0.878787878787879,0.947368421052632,1,0.933333333333333,0.875,0.923076923076923,0.772727272727273,0.902439024390244,0.901234567901235,0.893939393939394,1,0.947368421052632,0.964285714285714,0.9,0,0.87719298245614,0.884615384615385,0.96,0.80952380952381,0.916666666666667,0.923076923076923,0.75,0.842105263157895,1,0.909090909090909,1,1,0.93859649122807,0.96,1,0.888888888888889,0.926829268292683,1,1,0.923076923076923,1,1,0.938461538461539,1,0.944444444444444,1,0.961538461538461,0.965116279069767,0.955555555555556,0.882352941176471,0.969230769230769,1,0.948717948717949,1,1,0.95,0.923076923076923,0.955555555555556,1,1,0.928571428571429,0.928571428571429,1,1
"391",0.91304347826087,0.981481481481482,0.981818181818182,1,0.89041095890411,0.896551724137931,1,1,0.949152542372881,0.982456140350877,0.873015873015873,0.797297297297297,0.471264367816092,0.685393258426966,1,0.984126984126984,0.903225806451613,1,0.87719298245614,0,0.859375,0.900900900900901,0.887096774193548,0.982142857142857,0.982456140350877,0.927272727272727,0.918032786885246,0.981481481481482,0.981818181818182,0.953846153846154,1,0.877551020408163,0.939393939393939,0.948275862068966,0.933333333333333,0.9,0.947368421052632,1,0.883116883116883,0.964285714285714,0.96551724137931,0.822916666666667,1,0.95,1,0.934782608695652,0.89,0.941860465116279,0.983870967741935,0.914634146341463,0.897058823529412,0.879194630872483,0.954545454545454,0.981481481481482,0.861702127659574,0.982456140350877,0.903614457831325,0.981481481481482,0.955223880597015,0.866666666666667,0.964912280701754,0.885245901639344,0.953846153846154
"392",0.947368421052632,1,0.95,1,0.977777777777778,0.884615384615385,0.947368421052632,0.91304347826087,0.826086956521739,0.904761904761905,0.714285714285714,0.826086956521739,0.833333333333333,0.828571428571429,0.952380952380952,0.964285714285714,0.953125,1,0.884615384615385,0.859375,0,0.939024390243902,0.903225806451613,0.952380952380952,0.954545454545454,0.909090909090909,0.892857142857143,0.947368421052632,0.95,1,1,0.943089430894309,0.939393939393939,1,0.925925925925926,0.94,0.958333333333333,1,0.9375,1,0.91304347826087,0.945945945945946,1,0.88,1,0.932203389830508,0.961111111111111,1,0.923076923076923,0.956204379562044,0.974358974358974,0.960629921259842,0.96969696969697,0.947368421052632,0.985915492957746,0.904761904761905,0.943396226415094,0.947368421052632,0.970588235294118,0.95,1,0.96875,0.96875
"422",0.977011494252874,1,0.985507246376812,1,0.967391304347826,0.973684210526316,1,1,0.986666666666667,0.985915492957746,0.963414634146341,0.91578947368421,0.902985074626866,0.943548387096774,1,0.852941176470588,0.318840579710145,1,0.96,0.900900900900901,0.939024390243902,0,0.9625,0.971014492753623,0.956521739130435,0.971830985915493,0.961038961038961,1,0.985507246376812,0.876712328767123,1,0.633587786259542,0.849315068493151,0.972602739726027,0.973684210526316,0.8,0.957746478873239,1,0.75,0.956521739130435,0.942857142857143,0.914529914529915,1,0.945205479452055,1,0.901960784313726,0.922374429223744,0.96039603960396,0.959459459459459,0.915254237288136,0.952941176470588,0.916167664670659,0.949367088607595,0.985294117647059,0.929203539823009,0.956521739130435,0.882978723404255,0.985294117647059,0.95,0.90983606557377,0.986111111111111,0.935064935064935,0.962025316455696
"430",0.875,1,0.9375,0.952380952380952,0.923076923076923,0.958333333333333,1,0.894736842105263,0.954545454545454,0.944444444444444,0.933333333333333,0.958333333333333,0.880952380952381,0.885714285714286,1,0.958333333333333,0.967213114754098,1,0.80952380952381,0.887096774193548,0.903225806451613,0.9625,0,1,1,0.888888888888889,0.714285714285714,1,0.9375,0.964285714285714,1,0.95,0.931034482758621,1,0.684210526315789,0.979166666666667,0.95,0.941176470588235,0.978260869565217,1,0.894736842105263,0.861538461538462,0.933333333333333,0.956521739130435,1,0.964912280701754,0.948275862068966,0.938775510204082,1,0.97037037037037,0.971428571428571,0.950819672131147,1,1,0.96969696969697,1,1,1,1,0.974358974358974,0.947368421052632,1,1
"461",0.956521739130435,1,1,1,1,1,1,1,0.9,1,0.947368421052632,1,0.987654320987654,1,1,1,0.98,1,0.916666666666667,0.982142857142857,0.952380952380952,0.971014492753623,1,0,0.6,0.857142857142857,1,1,1,1,1,0.972972972972973,0.882352941176471,1,0.916666666666667,0.942857142857143,1,1,0.90625,1,1,0.983606557377049,1,0.909090909090909,1,0.978260869565217,0.994117647058823,1,0.909090909090909,0.992063492063492,1,0.982456140350877,1,1,1,1,0.947368421052632,1,1,1,1,1,1
"462",1,1,1,1,1,1,1,1,0.909090909090909,1,0.95,1,0.98780487804878,1,1,1,0.96,1,0.923076923076923,0.982456140350877,0.954545454545454,0.956521739130435,1,0.6,0,0.875,1,1,1,1,1,0.973214285714286,0.947368421052632,1,0.923076923076923,0.944444444444444,1,1,0.941176470588235,1,1,0.983870967741935,1,0.916666666666667,1,0.978723404255319,0.994152046783626,1,0.916666666666667,0.992125984251969,1,0.982608695652174,1,1,1,1,0.948717948717949,1,1,1,1,1,1
"469",0.916666666666667,1,1,1,0.967741935483871,1,1,1,0.818181818181818,1,0.9,0.974358974358974,0.962962962962963,0.96969696969697,1,1,0.980769230769231,1,0.75,0.927272727272727,0.909090909090909,0.971830985915493,0.888888888888889,0.857142857142857,0.875,0,0.692307692307692,1,1,1,1,0.973451327433628,0.95,1,0.846153846153846,0.945945945945946,1,1,0.911764705882353,1,0.9,0.915254237288136,1,0.833333333333333,0.8,0.934782608695652,0.976331360946746,0.95,0.923076923076923,0.976190476190476,1,0.964912280701754,0.947368421052632,0.8,0.964285714285714,0.875,0.95,0.8,0.95,0.985507246376812,1,0.944444444444444,0.944444444444444
"470",0.935483870967742,1,0.923076923076923,1,0.916666666666667,0.952380952380952,1,1,0.947368421052632,0.857142857142857,0.925925925925926,0.955555555555556,0.929411764705882,0.91304347826087,1,1,0.983050847457627,1,0.842105263157895,0.918032786885246,0.892857142857143,0.961038961038961,0.714285714285714,1,1,0.692307692307692,0,1,0.923076923076923,1,1,0.948717948717949,0.962962962962963,1,0.777777777777778,0.977777777777778,0.941176470588235,0.928571428571429,0.952380952380952,1,0.714285714285714,0.854838709677419,0.916666666666667,0.894736842105263,0.916666666666667,0.923076923076923,0.947368421052632,0.957446808510638,1,0.961832061068702,0.96875,0.949579831932773,0.961538461538461,0.916666666666667,0.968253968253968,0.933333333333333,0.979166666666667,0.916666666666667,0.962962962962963,0.959459459459459,1,0.96,0.96
"471",0.952380952380952,1,1,1,1,1,1,1,0.875,1,0.941176470588235,0.971428571428571,0.987341772151899,0.984126984126984,1,1,1,1,1,0.981481481481482,0.947368421052632,1,1,1,1,1,1,0,1,1,1,1,1,1,1,1,1,1,1,1,1,0.983050847457627,1,1,1,1,0.994047619047619,1,1,0.991935483870968,1,0.991150442477876,1,1,1,1,1,1,1,0.984615384615385,1,1,1
"473",0.954545454545454,1,0.666666666666667,1,0.964285714285714,0.909090909090909,1,1,1,0.8,0.944444444444444,0.972222222222222,0.9875,0.968253968253968,0.75,1,1,1,0.909090909090909,0.981818181818182,0.95,0.985507246376812,0.9375,1,1,1,0.923076923076923,1,0,1,1,0.991071428571429,1,1,1,1,1,1,1,1,1,1,1,1,1,1,0.988095238095238,1,1,0.992,1,1,1,1,1,1,1,1,1,1,1,1,1
"499",1,1,1,1,0.975,1,1,1,1,1,0.966666666666667,0.979166666666667,0.978021978021978,0.973333333333333,1,0.857142857142857,0.851851851851852,1,1,0.953846153846154,1,0.876712328767123,0.964285714285714,1,1,1,1,1,1,0,0.857142857142857,0.91304347826087,0.846153846153846,0.894736842105263,1,0.829268292682927,0.947368421052632,1,0.85,1,0.947368421052632,0.942028985507246,1,0.904761904761905,1,0.945454545454545,0.97752808988764,0.98,1,0.954545454545454,0.970588235294118,0.975806451612903,0.925925925925926,1,0.953125,0.941176470588235,0.9375,1,1,0.960526315789474,0.944444444444444,0.923076923076923,1
"500",1,1,1,1,1,1,1,1,1,1,1,1,1,1,1,1,1,1,1,1,1,1,1,1,1,1,1,1,1,0.857142857142857,0,0.981981981981982,1,1,1,0.941176470588235,1,1,0.96969696969697,1,1,0.983333333333333,1,1,1,1,1,1,1,1,1,1,0.9375,1,1,1,0.973684210526316,1,1,1,1,1,1
"501",0.960629921259842,1,0.991071428571429,0.991452991452991,0.954545454545454,0.965811965811966,1,0.982608695652174,0.965217391304348,0.973214285714286,0.959349593495935,0.934306569343066,0.855421686746988,0.89171974522293,1,0.919642857142857,0.748031496062992,0.990990990990991,0.93859649122807,0.877551020408163,0.943089430894309,0.633587786259542,0.95,0.972972972972973,0.973214285714286,0.973451327433628,0.948717948717949,1,0.991071428571429,0.91304347826087,0.981981981981982,0,0.855855855855856,0.964912280701754,0.974576271186441,0.693693693693694,0.964601769911504,1,0.756521739130435,0.963963963963964,0.964601769911504,0.843537414965986,1,0.96551724137931,1,0.876811594202898,0.807692307692308,0.903703703703704,0.974358974358974,0.825,0.944,0.782608695652174,0.941176470588235,0.990990990990991,0.836879432624113,0.973214285714286,0.834645669291339,0.990990990990991,0.895652173913044,0.794520547945205,0.991304347826087,0.922413793103448,0.958333333333333
"502",0.972222222222222,1,1,1,0.951219512195122,1,1,1,0.956521739130435,1,0.935483870967742,1,0.956043956043956,0.987179487179487,1,0.916666666666667,0.896551724137931,1,0.96,0.939393939393939,0.939393939393939,0.849315068493151,0.931034482758621,0.882352941176471,0.947368421052632,0.95,0.962962962962963,1,1,0.846153846153846,1,0.855855855855856,0,1,0.916666666666667,0.717948717948718,0.842105263157895,1,0.769230769230769,0.888888888888889,0.9,0.943661971830986,1,0.863636363636364,1,0.909090909090909,0.972067039106145,0.980769230769231,0.91304347826087,0.962962962962963,0.942857142857143,0.951219512195122,0.892857142857143,1,0.954545454545454,0.947368421052632,0.918367346938776,1,0.933333333333333,0.961538461538461,1,0.96551724137931,1
"509",1,1,1,1,1,1,1,1,1,1,1,0.975609756097561,0.963855421686747,0.939393939393939,1,0.9375,0.962264150943396,1,1,0.948275862068966,1,0.972602739726027,1,1,1,1,1,1,1,0.894736842105263,1,0.964912280701754,1,0,0.9375,0.975,1,1,0.973684210526316,1,1,0.918032786885246,1,1,1,0.9375,0.964497041420118,0.926829268292683,1,0.968503937007874,0.962962962962963,0.96551724137931,1,1,0.928571428571429,1,0.952380952380952,1,1,0.941176470588235,1,0.764705882352941,1
"510",0.966666666666667,1,1,1,0.972222222222222,1,1,1,0.875,1,0.92,1,0.94047619047619,0.942028985507246,1,1,0.964285714285714,1,0.888888888888889,0.933333333333333,0.925925925925926,0.973684210526316,0.684210526315789,0.916666666666667,0.923076923076923,0.846153846153846,0.777777777777778,1,1,1,1,0.974576271186441,0.916666666666667,0.9375,0,0.976744186046512,0.857142857142857,0.818181818181818,0.95,1,0.857142857142857,0.830508474576271,0.9,0.8125,1,0.92,0.946745562130177,0.931818181818182,0.944444444444444,0.969230769230769,0.966666666666667,0.930434782608696,1,1,0.967213114754098,1,0.955555555555556,1,1,0.986486486486487,1,1,1
"541",0.981481481481482,1,1,1,0.948275862068966,0.976744186046512,1,1,0.975609756097561,1,0.959183673469388,0.985294117647059,0.933962264150943,0.978947368421053,1,0.9,0.828571428571429,1,0.926829268292683,0.9,0.94,0.8,0.979166666666667,0.942857142857143,0.944444444444444,0.945945945945946,0.977777777777778,1,1,0.829268292682927,0.941176470588235,0.693693693693694,0.717948717948718,0.975,0.976744186046512,0,0.947368421052632,1,0.653061224489796,0.944444444444444,0.918918918918919,0.892857142857143,1,0.925,1,0.885714285714286,0.936842105263158,0.985714285714286,0.925,0.917808219178082,0.981481481481482,0.886363636363636,0.86046511627907,0.970588235294118,0.89873417721519,0.914285714285714,0.754385964912281,0.970588235294118,0.888888888888889,0.9,1,0.909090909090909,0.956521739130435
"549",1,1,1,1,0.96875,0.933333333333333,1,1,1,1,1,0.975,0.963414634146341,0.954545454545454,1,1,0.981132075471698,1,1,0.947368421052632,0.958333333333333,0.957746478873239,0.95,1,1,1,0.941176470588235,1,1,0.947368421052632,1,0.964601769911504,0.842105263157895,1,0.857142857142857,0.947368421052632,0,1,0.914285714285714,1,0.909090909090909,0.916666666666667,1,0.928571428571429,1,0.936170212765957,0.970414201183432,0.951219512195122,0.928571428571429,0.968253968253968,0.875,0.956140350877193,0.95,1,0.946428571428572,1,0.951219512195122,1,0.9,0.955882352941176,1,0.947368421052632,0.947368421052632
"550",1,1,1,1,1,1,1,1,1,1,1,1,1,1,1,1,1,1,1,1,1,1,0.941176470588235,1,1,1,0.928571428571429,1,1,1,1,1,1,1,0.818181818181818,1,1,0,1,1,1,0.949152542372881,1,0.909090909090909,1,0.978260869565217,0.994117647058823,1,1,1,1,1,1,1,1,1,1,1,1,1,1,1,1
"581",0.96078431372549,1,1,1,0.946428571428572,1,1,1,0.947368421052632,1,0.934782608695652,0.936507936507936,0.89,0.967391304347826,1,0.864864864864865,0.787878787878788,1,0.923076923076923,0.883116883116883,0.9375,0.75,0.978260869565217,0.90625,0.941176470588235,0.911764705882353,0.952380952380952,1,1,0.85,0.96969696969697,0.756521739130435,0.769230769230769,0.973684210526316,0.95,0.653061224489796,0.914285714285714,1,0,0.875,0.944444444444444,0.890243902439024,1,0.921052631578947,1,0.914285714285714,0.941798941798942,0.954545454545454,0.921052631578947,0.931506849315069,0.980769230769231,0.901515151515151,0.880952380952381,0.96875,0.924050632911392,0.909090909090909,0.789473684210526,0.96875,0.909090909090909,0.910112359550562,0.972222222222222,0.954545454545454,0.930232558139535
"582",1,1,1,1,1,1,1,1,1,1,1,1,0.98780487804878,1,1,1,0.96,1,1,0.964285714285714,1,0.956521739130435,1,1,1,1,1,1,1,1,1,0.963963963963964,0.888888888888889,1,1,0.944444444444444,1,1,0.875,0,1,1,1,1,1,1,0.994152046783626,1,1,0.992125984251969,1,0.991379310344828,0.944444444444444,1,1,1,0.975,1,1,1,1,1,1
"588",1,1,1,1,0.935483870967742,1,1,1,1,1,0.954545454545454,1,0.988095238095238,0.985294117647059,1,1,0.941176470588235,1,1,0.96551724137931,0.91304347826087,0.942857142857143,0.894736842105263,1,1,0.9,0.714285714285714,1,1,0.947368421052632,1,0.964601769911504,0.9,1,0.857142857142857,0.918918918918919,0.909090909090909,1,0.944444444444444,1,0,0.898305084745763,0.833333333333333,0.75,1,0.888888888888889,0.970414201183432,1,1,0.976377952755905,0.961538461538461,0.946902654867257,0.95,0.833333333333333,0.964912280701754,0.75,0.951219512195122,0.833333333333333,0.952380952380952,0.955882352941176,1,0.888888888888889,0.947368421052632
"589",0.933333333333333,1,1,1,0.883116883116883,0.954545454545454,1,0.984375,0.953125,1,0.929577464788732,0.931818181818182,0.868852459016394,0.849056603773585,1,1,0.940594059405941,1,0.938461538461539,0.822916666666667,0.945945945945946,0.914529914529915,0.861538461538462,0.983606557377049,0.983870967741935,0.915254237288136,0.854838709677419,0.983050847457627,1,0.942028985507246,0.983333333333333,0.843537414965986,0.943661971830986,0.918032786885246,0.830508474576271,0.892857142857143,0.916666666666667,0.949152542372881,0.890243902439024,1,0.898305084745763,0,0.983050847457627,0.920634920634921,0.983050847457627,0.728395061728395,0.752747252747253,0.829268292682927,0.96969696969697,0.78,0.857142857142857,0.762589928057554,0.927536231884058,0.983050847457627,0.833333333333333,0.967213114754098,0.870588235294118,0.983050847457627,0.91304347826087,0.862385321100917,0.967741935483871,0.893939393939394,0.926470588235294
"591",1,1,1,1,1,1,1,1,1,1,1,1,1,1,1,1,1,1,1,1,1,1,0.933333333333333,1,1,1,0.916666666666667,1,1,1,1,1,1,1,0.9,1,1,1,1,1,0.833333333333333,0.983050847457627,0,1,1,1,0.994047619047619,1,1,1,1,0.991150442477876,1,1,1,1,1,1,1,0.984615384615385,1,1,1
"627",1,1,1,1,0.971428571428571,1,1,1,0.9375,1,0.916666666666667,1,0.976744186046512,0.985915492957746,1,1,0.944444444444444,1,0.944444444444444,0.95,0.88,0.945205479452055,0.956521739130435,0.909090909090909,0.916666666666667,0.833333333333333,0.894736842105263,1,1,0.904761904761905,1,0.96551724137931,0.863636363636364,1,0.8125,0.925,0.928571428571429,0.909090909090909,0.921052631578947,1,0.75,0.920634920634921,1,0,1,0.795454545454545,0.97093023255814,1,0.941176470588235,0.968992248062016,0.96551724137931,0.957264957264957,0.909090909090909,0.888888888888889,0.966666666666667,0.818181818181818,0.954545454545454,0.888888888888889,0.958333333333333,0.986301369863014,1,0.954545454545454,0.954545454545454
"628",1,1,1,1,1,1,1,1,1,1,1,1,1,1,1,1,1,1,1,1,1,1,1,1,1,0.8,0.916666666666667,1,1,1,1,1,1,1,1,1,1,1,1,1,1,0.983050847457627,1,1,0,0.977272727272727,0.994047619047619,0.972972972972973,1,0.991935483870968,1,0.991150442477876,1,1,1,1,1,1,1,1,1,1,1
"667",1,1,1,1,0.955882352941176,0.961538461538461,1,1,0.980392156862745,1,0.966101694915254,0.946666666666667,0.939655172413793,0.950980392156863,1,0.961538461538461,0.904761904761905,1,0.961538461538461,0.934782608695652,0.932203389830508,0.901960784313726,0.964912280701754,0.978260869565217,0.978723404255319,0.934782608695652,0.923076923076923,1,1,0.945454545454545,1,0.876811594202898,0.909090909090909,0.9375,0.92,0.885714285714286,0.936170212765957,0.978260869565217,0.914285714285714,1,0.888888888888889,0.728395061728395,1,0.795454545454545,0.977272727272727,0,0.808988764044944,0.859154929577465,0.895833333333333,0.79136690647482,0.859649122807018,0.801526717557252,0.907407407407407,0.977272727272727,0.910112359550562,0.933333333333333,0.859154929577465,0.977272727272727,0.909090909090909,0.898989898989899,1,0.905660377358491,0.925925925925926
"668",0.972826086956522,1,0.988095238095238,0.994252873563218,0.945945945945946,0.965116279069767,1,0.988372093023256,0.982658959537572,0.994152046783626,0.972222222222222,0.908602150537634,0.872146118721461,0.856435643564356,0.994117647058823,0.994350282485876,0.946341463414634,0.994047619047619,0.965116279069767,0.89,0.961111111111111,0.922374429223744,0.948275862068966,0.994117647058823,0.994152046783626,0.976331360946746,0.947368421052632,0.994047619047619,0.988095238095238,0.97752808988764,1,0.807692307692308,0.972067039106145,0.964497041420118,0.946745562130177,0.936842105263158,0.970414201183432,0.994117647058823,0.941798941798942,0.994152046783626,0.970414201183432,0.752747252747253,0.994047619047619,0.97093023255814,0.994047619047619,0.808988764044944,0,0.78698224852071,0.952662721893491,0.421621621621622,0.894736842105263,0.513227513227513,0.942196531791908,0.994047619047619,0.805405405405405,0.988235294117647,0.879781420765027,0.994047619047619,0.923976608187135,0.798969072164949,0.982352941176471,0.935672514619883,0.941860465116279
"669",0.982456140350877,1,1,1,0.967741935483871,0.955555555555556,1,0.976190476190476,0.977272727272727,1,0.981132075471698,0.956521739130435,0.935779816513761,0.924731182795699,1,1,0.988095238095238,1,0.955555555555556,0.941860465116279,1,0.96039603960396,0.938775510204082,1,1,0.95,0.957446808510638,1,1,0.98,1,0.903703703703704,0.980769230769231,0.926829268292683,0.931818181818182,0.985714285714286,0.951219512195122,1,0.954545454545454,1,1,0.829268292682927,1,1,0.972972972972973,0.859154929577465,0.78698224852071,0,0.977777777777778,0.798507462686567,0.739130434782609,0.80952380952381,0.96,1,0.888888888888889,1,0.927536231884058,1,0.895833333333333,0.879120879120879,0.975609756097561,0.914893617021277,0.9375
"707",1,1,1,1,1,1,1,1,0.9375,1,0.96,0.976744186046512,0.976744186046512,1,1,0.944444444444444,0.963636363636364,1,0.882352941176471,0.983870967741935,0.923076923076923,0.959459459459459,1,0.909090909090909,0.916666666666667,0.923076923076923,1,1,1,1,1,0.974358974358974,0.91304347826087,1,0.944444444444444,0.925,0.928571428571429,1,0.921052631578947,1,1,0.96969696969697,1,0.941176470588235,1,0.895833333333333,0.952662721893491,0.977777777777778,0,0.944444444444444,0.96551724137931,0.966101694915254,0.909090909090909,1,1,0.916666666666667,0.904761904761905,1,1,0.972222222222222,1,1,1
"708",0.986013986013986,1,0.992,1,0.965753424657534,0.977099236641221,1,0.992248062015504,0.984615384615385,0.992125984251969,0.970802919708029,0.94,0.908602150537634,0.919075144508671,1,0.984848484848485,0.94478527607362,1,0.969230769230769,0.914634146341463,0.956204379562044,0.915254237288136,0.97037037037037,0.992063492063492,0.992125984251969,0.976190476190476,0.961832061068702,0.991935483870968,0.992,0.954545454545454,1,0.825,0.962962962962963,0.968503937007874,0.969230769230769,0.917808219178082,0.968253968253968,1,0.931506849315069,0.992125984251969,0.976377952755905,0.78,1,0.968992248062016,0.991935483870968,0.79136690647482,0.421621621621622,0.798507462686567,0.944444444444444,0,0.8671875,0.537037037037037,0.930769230769231,0.991935483870968,0.795918367346939,0.984126984126984,0.866197183098592,0.991935483870968,0.897637795275591,0.772727272727273,0.976190476190476,0.913385826771653,0.921875
"709",1,1,1,1,0.978723404255319,0.931034482758621,1,1,1,1,1,0.923076923076923,0.936170212765957,0.923076923076923,1,1,0.970149253731343,1,1,0.897058823529412,0.974358974358974,0.952941176470588,0.971428571428571,1,1,1,0.96875,1,1,0.970588235294118,1,0.944,0.942857142857143,0.962962962962963,0.966666666666667,0.981481481481482,0.875,1,0.980769230769231,1,0.961538461538461,0.857142857142857,1,0.96551724137931,1,0.859649122807018,0.894736842105263,0.739130434782609,0.96551724137931,0.8671875,0,0.854700854700855,0.941176470588235,1,0.861538461538462,1,0.905660377358491,1,0.911764705882353,0.883116883116883,0.96,0.833333333333333,0.90625
"748",0.977099236641221,1,1,1,0.962962962962963,0.983471074380165,1,0.991525423728813,0.974576271186441,1,0.968253968253968,0.950354609929078,0.883720930232558,0.906832298136646,1,0.991803278688525,0.940789473684211,0.991150442477876,0.948717948717949,0.879194630872483,0.960629921259842,0.916167664670659,0.950819672131147,0.982456140350877,0.982608695652174,0.964912280701754,0.949579831932773,0.991150442477876,1,0.975806451612903,1,0.782608695652174,0.951219512195122,0.96551724137931,0.930434782608696,0.886363636363636,0.956140350877193,1,0.901515151515151,0.991379310344828,0.946902654867257,0.762589928057554,0.991150442477876,0.957264957264957,0.991150442477876,0.801526717557252,0.513227513227513,0.80952380952381,0.966101694915254,0.537037037037037,0.854700854700855,0,0.933333333333333,0.991150442477876,0.732824427480916,0.973684210526316,0.846153846153846,0.991150442477876,0.878260869565217,0.719424460431655,0.973913043478261,0.895652173913044,0.923728813559322
"782",1,1,1,1,0.975609756097561,1,1,1,1,1,1,0.979591836734694,0.967032967032967,1,1,1,0.983870967741935,1,1,0.954545454545454,0.96969696969697,0.949367088607595,1,1,1,0.947368421052632,0.961538461538461,1,1,0.925925925925926,0.9375,0.941176470588235,0.892857142857143,1,1,0.86046511627907,0.95,1,0.880952380952381,0.944444444444444,0.95,0.927536231884058,1,0.909090909090909,1,0.907407407407407,0.942196531791908,0.96,0.909090909090909,0.930769230769231,0.941176470588235,0.933333333333333,0,0.933333333333333,0.920634920634921,0.944444444444444,0.7,0.933333333333333,0.76,0.918918918918919,1,0.925925925925926,0.925925925925926
"787",1,1,1,1,1,1,1,1,1,1,1,1,1,1,1,1,1,1,1,0.981481481481482,0.947368421052632,0.985294117647059,1,1,1,0.8,0.916666666666667,1,1,1,1,0.990990990990991,1,1,1,0.970588235294118,1,1,0.96875,1,0.833333333333333,0.983050847457627,1,0.888888888888889,1,0.977272727272727,0.994047619047619,1,1,0.991935483870968,1,0.991150442477876,0.933333333333333,0,0.981132075471698,0.75,0.972972972972973,0,0.9375,0.984615384615385,1,0.928571428571429,0.928571428571429
"788",0.942857142857143,1,1,1,0.933333333333333,0.95,1,0.982758620689655,1,1,0.970588235294118,0.91358024691358,0.871794871794872,0.895238095238095,1,1,0.947916666666667,1,0.95,0.861702127659574,0.985915492957746,0.929203539823009,0.96969696969697,1,1,0.964285714285714,0.968253968253968,1,1,0.953125,1,0.836879432624113,0.954545454545454,0.928571428571429,0.967213114754098,0.89873417721519,0.946428571428572,1,0.924050632911392,1,0.964912280701754,0.833333333333333,1,0.966666666666667,1,0.910112359550562,0.805405405405405,0.888888888888889,1,0.795918367346939,0.861538461538462,0.732824427480916,0.920634920634921,0.981132075471698,0,0.963636363636364,0.831168831168831,0.981132075471698,0.767857142857143,0.611764705882353,0.945454545454545,0.824561403508772,0.883333333333333
"822",1,1,1,1,0.966666666666667,1,1,1,1,1,0.95,0.973684210526316,0.98780487804878,1,1,0.923076923076923,0.96,1,0.923076923076923,0.982456140350877,0.904761904761905,0.956521739130435,1,1,1,0.875,0.933333333333333,1,1,0.941176470588235,1,0.973214285714286,0.947368421052632,1,1,0.914285714285714,1,1,0.909090909090909,1,0.75,0.967213114754098,1,0.818181818181818,1,0.933333333333333,0.988235294117647,1,0.916666666666667,0.984126984126984,1,0.973684210526316,0.944444444444444,0.75,0.963636363636364,0,0.921052631578947,0.75,0.947368421052632,0.970149253731343,1,0.941176470588235,0.941176470588235
"823",0.982456140350877,1,1,1,0.967741935483871,0.955555555555556,1,1,0.977272727272727,1,0.981132075471698,0.941176470588235,0.905660377358491,0.936170212765957,1,0.955555555555556,0.91025641025641,1,0.955555555555556,0.903614457831325,0.943396226415094,0.882978723404255,1,0.947368421052632,0.948717948717949,0.95,0.979166666666667,1,1,0.9375,0.973684210526316,0.834645669291339,0.918367346938776,0.952380952380952,0.955555555555556,0.754385964912281,0.951219512195122,1,0.789473684210526,0.975,0.951219512195122,0.870588235294118,1,0.954545454545454,1,0.859154929577465,0.879781420765027,0.927536231884058,0.904761904761905,0.866197183098592,0.905660377358491,0.846153846153846,0.7,0.972972972972973,0.831168831168831,0.921052631578947,0,0.972972972972973,0.822222222222222,0.840909090909091,0.95,0.813953488372093,0.891304347826087
"824",1,1,1,1,1,1,1,1,1,1,1,1,1,1,1,1,1,1,1,0.981481481481482,0.947368421052632,0.985294117647059,1,1,1,0.8,0.916666666666667,1,1,1,1,0.990990990990991,1,1,1,0.970588235294118,1,1,0.96875,1,0.833333333333333,0.983050847457627,1,0.888888888888889,1,0.977272727272727,0.994047619047619,1,1,0.991935483870968,1,0.991150442477876,0.933333333333333,0,0.981132075471698,0.75,0.972972972972973,0,0.9375,0.984615384615385,1,0.928571428571429,0.928571428571429
"827",0.972222222222222,1,1,1,0.951219512195122,0.916666666666667,1,1,1,1,1,0.9375,0.967391304347826,0.987179487179487,1,1,1,1,1,0.955223880597015,0.970588235294118,0.95,1,1,1,0.95,0.962962962962963,1,1,1,1,0.895652173913044,0.933333333333333,1,1,0.888888888888889,0.9,1,0.909090909090909,1,0.952380952380952,0.91304347826087,1,0.958333333333333,1,0.909090909090909,0.923976608187135,0.895833333333333,1,0.897637795275591,0.911764705882353,0.878260869565217,0.76,0.9375,0.767857142857143,0.947368421052632,0.822222222222222,0.9375,0,0.791044776119403,1,0.8,0.695652173913044
"828",0.963855421686747,1,1,1,0.942528735632184,0.972602739726027,1,0.985714285714286,0.986111111111111,1,0.975,0.924731182795699,0.909090909090909,0.896551724137931,1,0.972602739726027,0.94392523364486,0.984615384615385,0.928571428571429,0.866666666666667,0.95,0.90983606557377,0.974358974358974,1,1,0.985507246376812,0.959459459459459,0.984615384615385,1,0.960526315789474,1,0.794520547945205,0.961538461538461,0.941176470588235,0.986486486486487,0.9,0.955882352941176,1,0.910112359550562,1,0.955882352941176,0.862385321100917,0.984615384615385,0.986301369863014,1,0.898989898989899,0.798969072164949,0.879120879120879,0.972222222222222,0.772727272727273,0.883116883116883,0.719424460431655,0.918918918918919,0.984615384615385,0.611764705882353,0.970149253731343,0.840909090909091,0.984615384615385,0.791044776119403,0,0.955223880597015,0.82089552238806,0.855072463768116
"867",1,1,1,1,1,1,1,0.9,1,1,1,1,0.95,0.953846153846154,1,1,0.980769230769231,1,0.928571428571429,0.964912280701754,1,0.986111111111111,0.947368421052632,1,1,1,1,1,1,0.944444444444444,1,0.991304347826087,1,1,1,1,1,1,0.972222222222222,1,1,0.967741935483871,1,1,1,1,0.982352941176471,0.975609756097561,1,0.976190476190476,0.96,0.973913043478261,1,1,0.945454545454545,1,0.95,1,1,0.955223880597015,0,0.944444444444444,0.944444444444444
"906",1,1,1,1,1,0.909090909090909,1,1,1,1,1,0.934782608695652,0.943181818181818,0.930555555555556,1,0.956521739130435,0.949152542372881,1,1,0.885245901639344,0.96875,0.935064935064935,1,1,1,0.944444444444444,0.96,1,1,0.923076923076923,1,0.922413793103448,0.96551724137931,0.764705882352941,1,0.909090909090909,0.947368421052632,1,0.954545454545454,1,0.888888888888889,0.893939393939394,1,0.954545454545454,1,0.905660377358491,0.935672514619883,0.914893617021277,1,0.913385826771653,0.833333333333333,0.895652173913044,0.925925925925926,0.928571428571429,0.824561403508772,0.941176470588235,0.813953488372093,0.928571428571429,0.8,0.82089552238806,0.944444444444444,0,0.727272727272727
"908",1,1,1,1,1,0.909090909090909,1,1,1,1,1,0.957446808510638,0.978021978021978,0.973333333333333,1,1,0.983606557377049,1,1,0.953846153846154,0.96875,0.962025316455696,1,1,1,0.944444444444444,0.96,1,1,1,1,0.958333333333333,1,1,1,0.956521739130435,0.947368421052632,1,0.930232558139535,1,0.947368421052632,0.926470588235294,1,0.954545454545454,1,0.925925925925926,0.941860465116279,0.9375,1,0.921875,0.90625,0.923728813559322,0.925925925925926,0.928571428571429,0.883333333333333,0.941176470588235,0.891304347826087,0.928571428571429,0.695652173913044,0.855072463768116,0.944444444444444,0.727272727272727,0
